1 0.975646551724138 0.7609195402298851 0.04827586206896552 0.048850574712643674
1 0.655603448275862 0.7505747126436781 0.03836206896551724 0.017241379310344827
1 0.5405172413793103 0.7475574712643678 0.01939655172413793 0.021551724137931036
1 0.1872844827586207 0.7741379310344827 0.01767241379310345 0.016091954022988506
1 0.3389008620689655 0.742816091954023 0.021767241379310343 0.022988505747126436
1 0.15269396551724138 0.7672413793103449 0.016163793103448277 0.016666666666666666
0 0.9188577586206896 0.7443965517241379 0.16142241379310346 0.39741379310344827
0 0.08275862068965517 0.7349137931034483 0.025 0.018678160919540228
0 0.04299568965517241 0.7396551724137931 0.03081896551724138 0.01896551724137931
0 0.013900862068965517 0.7410919540229884 0.026508620689655173 0.023563218390804597
0 0.004849137931034483 0.7469827586206896 0.010129310344827586 0.024425287356321837
0 0.05441810344827586 0.7285919540229885 0.02435344827586207 0.004310344827586207
0 0.02995689655172414 0.728735632183908 0.027586206896551724 0.005747126436781609
0 0.7357758620689655 0.7764367816091954 0.2439655172413793 0.23045977011494254
0 0.5654094827586207 0.7504310344827586 0.10711206896551724 0.16350574712643678
0 0.4077586206896552 0.7406609195402298 0.20732758620689654 0.18304597701149425
0 0.23081896551724138 0.7709770114942529 0.14612068965517241 0.12471264367816091
0 0.1240301724137931 0.746264367816092 0.07004310344827586 0.09655172413793103
