1 0.8268821022727273 0.6293797348484849 0.06178977272727273 0.09067234848484848
0 0.5373757102272727 0.5654592803030303 0.7437855113636364 0.4519412878787879
0 0.034712357954545456 0.23839962121212122 0.06977982954545454 0.05397727272727273
0 0.15465198863636365 0.2196969696969697 0.056107954545454544 0.029356060606060608
0 0.2565696022727273 0.21117424242424243 0.10546875 0.05303030303030303
0 0.8070845170454546 0.224313446969697 0.3854758522727273 0.2137784090909091
0 0.08283025568181819 0.20939867424242425 0.025390625 0.013494318181818182
0 0.11283735795454546 0.20975378787878787 0.026455965909090908 0.019412878787878788
0 0.10990767045454546 0.22620738636363638 0.014914772727272728 0.01396780303030303
0 0.09339488636363637 0.22301136363636365 0.012428977272727274 0.014678030303030304
