1 0.20667613636363638 0.6351799242424243 0.05823863636363637 0.10037878787878789
0 0.568359375 0.5300662878787878 0.8135653409090909 0.6695075757575758
0 0.10680042613636363 0.38636363636363635 0.12233664772727273 0.19933712121212122
0 0.10751065340909091 0.23224431818181818 0.21537642045454547 0.09138257575757576
0 0.05770596590909091 0.16950757575757577 0.11576704545454546 0.08901515151515152
0 0.39497514204545453 0.21354166666666669 0.056640625 0.03125
0 0.35387073863636365 0.20276988636363638 0.03586647727272727 0.024384469696969696
0 0.3163174715909091 0.19566761363636365 0.042436079545454544 0.024857954545454548
0 0.29137073863636365 0.18963068181818182 0.010298295454545454 0.018465909090909092
0 0.27388139204545453 0.18477746212121213 0.028231534090909092 0.019649621212121212
0 0.21608664772727273 0.17507102272727273 0.04723011363636364 0.024384469696969696
0 0.18501420454545456 0.16571969696969696 0.0390625 0.019886363636363636
0 0.15784801136363638 0.15660511363636365 0.02556818181818182 0.019649621212121212
0 0.1395596590909091 0.15411931818181818 0.012428977272727274 0.021306818181818184
0 0.12730823863636365 0.15388257575757577 0.01171875 0.016571969696969696
0 0.12535511363636365 0.14524147727272727 0.009232954545454546 0.008759469696969698
0 0.11558948863636365 0.14772727272727273 0.010298295454545454 0.015151515151515152
0 0.103515625 0.14618844696969696 0.013494318181818182 0.015388257575757576
0 0.09224076704545454 0.140625 0.009055397727272728 0.010890151515151516
0 0.0869140625 0.13399621212121213 0.01970880681818182 0.007102272727272728
0 0.8866299715909091 0.32279829545454547 0.08149857954545454 0.07410037878787878
0 0.9881036931818182 0.36470170454545453 0.0234375 0.044744318181818184
