1 0.27827380952380953 0.5858552631578947 0.025297619047619048 0.05592105263157895
1 0.7743675595238095 0.3513157894736842 0.016741071428571428 0.017105263157894738
1 0.6595982142857143 0.33421052631578946 0.011160714285714284 0.011842105263157895
0 0.470610119047619 0.5319078947368421 0.45461309523809523 0.3414473684210526
0 0.742001488095238 0.3549342105263158 0.12834821428571427 0.12697368421052632
0 0.400297619047619 0.29210526315789476 0.09077380952380952 0.05131578947368421
0 0.49888392857142855 0.2990131578947368 0.040178571428571425 0.04407894736842105
0 0.5412946428571428 0.31282894736842104 0.05208333333333333 0.032236842105263154
0 0.46056547619047616 0.2986842105263158 0.02901785714285714 0.035526315789473684
0 0.6318824404761905 0.3236842105263158 0.09114583333333333 0.075
