1 0.6727627840909091 0.6284327651515151 0.06463068181818182 0.0712594696969697
0 0.5196200284090909 0.49538352272727276 0.5573508522727273 0.5390625
0 0.11390269886363637 0.2806581439393939 0.09783380681818182 0.046638257575757576
0 0.01473721590909091 0.28657670454545453 0.029829545454545456 0.0703125
0 0.8014914772727273 0.24857954545454547 0.10973011363636363 0.05350378787878788
0 0.8984375 0.23307291666666669 0.08025568181818182 0.040482954545454544
0 0.2626953125 0.2626657196969697 0.03639914772727273 0.025804924242424244
0 0.15997869318181818 0.2683475378787879 0.024502840909090908 0.035748106060606064
0 0.23810369318181818 0.2664535984848485 0.012428977272727274 0.01775568181818182
0 0.23979048295454547 0.2520123106060606 0.015092329545454546 0.015861742424242424
0 0.1905184659090909 0.25532670454545453 0.006747159090909091 0.013494318181818182
0 0.2010830965909091 0.25118371212121215 0.016157670454545456 0.006628787878787879
0 0.22887073863636365 0.2618371212121212 0.006392045454545455 0.01278409090909091
0 0.20276988636363638 0.2591145833333333 0.005326704545454546 0.008285984848484848
0 0.19779829545454547 0.2586410984848485 0.004616477272727273 0.008285984848484848
