1 0.3107758620689655 0.47126436781609193 0.02586206896551724 0.01954022988505747
1 0.659051724137931 0.47701149425287354 0.01939655172413793 0.007471264367816092
0 0.32359913793103445 0.47198275862068967 0.17219827586206896 0.1882183908045977
0 0.4425646551724138 0.43721264367816093 0.016163793103448277 0.02097701149425287
0 0.5080818965517241 0.4389367816091954 0.016163793103448277 0.019252873563218392
0 0.5705818965517241 0.4556034482758621 0.04288793103448276 0.04971264367816092
0 0.6409482758620689 0.4603448275862069 0.1 0.09195402298850575
0 0.41196120689655175 0.4435344827586207 0.03512931034482759 0.061206896551724135
0 0.8726293103448276 0.5206896551724138 0.2543103448275862 0.25114942528735634
0 0.4672413793103448 0.43850574712643675 0.014655172413793103 0.01206896551724138
0 0.540948275862069 0.4367816091954023 0.015517241379310345 0.017241379310344827
