1 0.27226307189542487 0.6856617647058824 0.14910130718954248 0.07107843137254902
0 0.6503267973856209 0.19010416666666666 0.0661764705882353 0.024816176470588234
0 0.5968137254901961 0.20235906862745098 0.10784313725490197 0.01807598039215686
0 0.44873366013071897 0.22426470588235295 0.1343954248366013 0.020833333333333332
0 0.35375816993464054 0.24724264705882354 0.1707516339869281 0.05330882352941176
0 0.26491013071895425 0.27129289215686275 0.12459150326797386 0.08363970588235294
0 0.11642156862745098 0.30775122549019607 0.18055555555555555 0.10018382352941177
0 0.02165032679738562 0.3246017156862745 0.04411764705882353 0.06219362745098039
0 0.4726307189542484 0.4768688725490196 0.8897058823529412 0.5548406862745098
0 0.9834558823529412 0.1527267156862745 0.03227124183006536 0.01011029411764706
