0 0.9450325732899023 0.6040748898678414 0.10667752442996743 0.08480176211453745
0 0.7833876221498371 0.5644273127753304 0.08794788273615635 0.053964757709251104
0 0.869299674267101 0.6029735682819384 0.08224755700325734 0.06497797356828194
0 0.5578175895765473 0.544603524229075 0.06026058631921825 0.06497797356828194
0 0.4995928338762215 0.5418502202643173 0.05456026058631922 0.06387665198237887
0 0.43444625407166126 0.5297356828193833 0.07899022801302932 0.07268722466960353
0 0.34690553745928343 0.5368942731277534 0.09120521172638436 0.06938325991189428
0 0.2487785016286645 0.5335903083700441 0.10667752442996743 0.07158590308370044
0 0.13762214983713356 0.5027533039647577 0.09120521172638436 0.05837004405286344
0 0.026058631921824105 0.5066079295154186 0.05374592833876222 0.10792951541850221
