1 0.25020475020475025 0.5658324265505985 0.06306306306306307 0.04787812840043526
0 0.37633087633087636 0.4673558215451578 0.4103194103194103 0.31664853101196955
0 0.6261261261261262 0.37704026115342765 0.09254709254709255 0.10772578890097932
0 0.685913185913186 0.3661588683351469 0.04504504504504505 0.0837867247007617
0 0.8034398034398035 0.3498367791077258 0.07862407862407864 0.031556039173014146
0 0.7149877149877151 0.36235038084874865 0.031122031122031123 0.058759521218716
0 0.5634725634725635 0.3906420021762786 0.1031941031941032 0.12622415669205658
0 0.7334152334152335 0.3574537540805223 0.022113022113022116 0.051142546245919476
0 0.9676494676494677 0.3302502720348205 0.06306306306306307 0.088139281828074
0 0.8914823914823915 0.3443960826985854 0.036855036855036855 0.03808487486398259
0 0.9234234234234234 0.33569096844396085 0.028665028665028666 0.05984766050054407
