1 0.4938775510204082 0.5713513513513514 0.026122448979591838 0.018378378378378378
1 0.6775510204081633 0.5632432432432433 0.027755102040816326 0.017297297297297298
1 0.10244897959183674 0.6275675675675676 0.08244897959183674 0.05297297297297297
0 0.1959183673469388 0.5891891891891892 0.39346938775510204 0.3956756756756757
0 0.4714285714285714 0.5091891891891892 0.15755102040816327 0.16648648648648648
0 0.6346938775510205 0.5291891891891892 0.1689795918367347 0.15243243243243243
0 0.8595918367346939 0.6048648648648649 0.27918367346938777 0.26054054054054054
0 0.7742857142857144 0.512972972972973 0.1346938775510204 0.09837837837837839
0 0.9102040816326531 0.46378378378378377 0.044081632653061226 0.017297297297297298
0 0.9677551020408164 0.46702702702702703 0.06285714285714286 0.01945945945945946
0 0.36979591836734693 0.46378378378378377 0.05714285714285715 0.05837837837837838
