0 0.15321180555555555 0.44157608695652173 0.3068576388888889 0.7047101449275363
0 0.4253472222222222 0.5147192028985508 0.3897569444444444 0.7540760869565217
0 0.8154296875 0.4689764492753623 0.3687065972222222 0.7232789855072463
0 0.5891927083333333 0.13722826086956522 0.09722222222222221 0.20108695652173914
0 0.2788628472222222 0.12477355072463768 0.11805555555555555 0.18795289855072464
0 0.37662760416666663 0.13722826086956522 0.08615451388888888 0.15217391304347827
0 0.6957465277777778 0.14515398550724637 0.10894097222222221 0.12817028985507248
0 0.9133029513888888 0.1490036231884058 0.12434895833333333 0.13858695652173914
0 0.8016493055555555 0.11594202898550725 0.09982638888888888 0.0806159420289855
1 0.4060329861111111 0.7502264492753623 0.08159722222222222 0.08469202898550725
