1 0.4273003472222222 0.7042572463768116 0.07118055555555555 0.09148550724637682
0 0.15397135416666666 0.36254528985507245 0.3083767361111111 0.5665760869565217
0 0.4825303819444444 0.4841485507246377 0.4055989583333333 0.7844202898550725
0 0.8713107638888888 0.548233695652174 0.2569444444444444 0.9026268115942029
0 0.3240017361111111 0.11684782608695653 0.14930555555555555 0.1875
0 0.4427083333333333 0.09216485507246377 0.11805555555555555 0.18070652173913043
0 0.5511067708333333 0.08355978260869565 0.0935329861111111 0.09375
0 0.6522352430555555 0.12069746376811594 0.09526909722222222 0.15715579710144928
0 0.765625 0.12182971014492754 0.08984375 0.18659420289855072
0 0.870876736111111 0.10371376811594203 0.12196180555555555 0.125
0 0.9594184027777777 0.09397644927536232 0.08072916666666666 0.11730072463768117
