0 0.24848090277777776 0.34193840579710144 0.4483506944444444 0.6231884057971014
0 0.47992621527777773 0.5380434782608696 0.5080295138888888 0.9230072463768116
0 0.8970269097222222 0.5407608695652174 0.20551215277777776 0.9130434782608696
0 0.08517795138888888 0.22441123188405798 0.17078993055555555 0.3256340579710145
0 0.6260850694444444 0.060009057971014496 0.10373263888888888 0.12092391304347826
0 0.727322048611111 0.07608695652173914 0.09092881944444443 0.15307971014492755
0 0.8331163194444444 0.07608695652173914 0.09765625 0.15307971014492755
0 0.941189236111111 0.059782608695652176 0.1171875 0.12047101449275363
0 0.5237630208333333 0.06272644927536232 0.10959201388888888 0.12635869565217392
0 0.3076171875 0.042346014492753624 0.14127604166666666 0.08559782608695653
0 0.42740885416666663 0.06136775362318841 0.11783854166666666 0.1236413043478261
1 0.3818359375 0.8657155797101449 0.07877604166666666 0.10552536231884058
1 0.08355034722222222 0.5158514492753623 0.046875 0.07246376811594203
