0 0.16015625 0.20493659420289856 0.15104166666666666 0.20516304347826086
0 0.3589409722222222 0.20221920289855072 0.09722222222222221 0.1490036231884058
0 0.4647352430555555 0.17527173913043478 0.09223090277777778 0.16666666666666666
0 0.5777994791666666 0.19067028985507248 0.09223090277777778 0.15670289855072464
0 0.4364149305555555 0.626358695652174 0.43619791666666663 0.7364130434782609
0 0.8388671875 0.5625 0.3218315972222222 0.8125
0 0.9240451388888888 0.1535326086956522 0.0954861111111111 0.125
0 0.6611328125 0.17300724637681159 0.06401909722222222 0.18115942028985507
0 0.7801649305555555 0.14107789855072464 0.06727430555555555 0.16077898550724637
1 0.4265407986111111 0.6811594202898551 0.08702256944444443 0.09420289855072464
