0 0.5758463541666666 0.08876811594202899 0.09657118055555555 0.15307971014492755
0 0.7046440972222222 0.08514492753623189 0.11154513888888888 0.14130434782608695
0 0.811306423611111 0.07495471014492754 0.12131076388888888 0.11730072463768117
0 0.9233940972222222 0.07269021739130435 0.13324652777777776 0.11911231884057971
0 0.8306206597222222 0.5776721014492754 0.33832465277777773 0.84375
0 0.4501953125 0.5647644927536232 0.41254340277777773 0.8695652173913043
0 0.4729817708333333 0.07201086956521739 0.08485243055555555 0.11594202898550725
0 0.3833550347222222 0.08922101449275363 0.08875868055555555 0.15307971014492755
0 0.12738715277777776 0.5600090579710145 0.2552083333333333 0.8790760869565217
0 0.16742621527777776 0.0901268115942029 0.12261284722222221 0.11865942028985507
0 0.06412760416666666 0.07631340579710146 0.1286892361111111 0.1308876811594203
1 0.4390190972222222 0.8788496376811594 0.09114583333333333 0.08650362318840579
