1 0.5018446180555556 0.9114583333333334 0.10568576388888888 0.10552536231884058
1 0.7504340277777778 0.10846920289855072 0.016927083333333332 0.020380434782608696
1 0.2488064236111111 0.11616847826086957 0.016710069444444444 0.020380434782608696
1 0.140625 0.11503623188405797 0.016059027777777776 0.017210144927536232
0 0.1501736111111111 0.5640851449275363 0.30078125 0.8301630434782609
0 0.5014105902777778 0.49207427536231885 0.5436197916666666 0.9696557971014493
0 0.8475477430555555 0.5276268115942029 0.3040364583333333 0.7907608695652174
0 0.724392361111111 0.109375 0.1228298611111111 0.1490036231884058
0 0.833767361111111 0.06929347826086957 0.16883680555555555 0.13949275362318841
0 0.06401909722222222 0.10552536231884058 0.1284722222222222 0.12409420289855072
0 0.16471354166666666 0.09827898550724638 0.11979166666666666 0.10507246376811594
0 0.2693142361111111 0.1105072463768116 0.1111111111111111 0.14583333333333334
