0 0.977680 0.141014 0.044641 0.166667
0 0.931051 0.134083 0.055242 0.166667
0 0.875000 0.135333 0.055234 0.166667
0 0.822129 0.136583 0.055242 0.166667
0 0.767152 0.134083 0.055242 0.166667
0 0.711465 0.137847 0.055242 0.166667
0 0.657895 0.145361 0.055242 0.166667
0 0.605027 0.146611 0.055242 0.166667
0 0.552863 0.144111 0.055242 0.166667
0 0.498590 0.146611 0.055242 0.166667
0 0.392855 0.144111 0.055242 0.166667
0 0.339988 0.140347 0.055242 0.166667
0 0.287121 0.140347 0.055242 0.166667
0 0.233551 0.137847 0.055242 0.166667
0 0.177863 0.136583 0.055242 0.166667
0 0.177863 0.136583 0.055242 0.166667
0 0.126074 0.136583 0.050273 0.166667
0 0.071789 0.141597 0.054516 0.166667
0 0.022734 0.135333 0.045469 0.166667
0 0.969457 0.604681 0.059211 0.169167
0 0.915176 0.605264 0.059211 0.169167
0 0.858082 0.605264 0.059211 0.169167
0 0.804512 0.606514 0.059211 0.169167
0 0.747418 0.604007 0.059211 0.169181
0 0.694551 0.600250 0.059211 0.169167
0 0.639566 0.601500 0.059211 0.169167
0 0.580355 0.597743 0.059211 0.169181
0 0.529605 0.597743 0.059211 0.169181
0 0.406250 0.591479 0.059203 0.169181
0 0.347039 0.592729 0.059203 0.169181
0 0.292762 0.587715 0.059211 0.169181
0 0.239191 0.590222 0.059211 0.169167
0 0.186324 0.585208 0.059211 0.169167
