0 0.174852 0.151876 0.135197 0.113659
0 0.174894 0.263931 0.135197 0.113640
0 0.174894 0.375994 0.135197 0.113640
0 0.176077 0.483330 0.135197 0.113640
0 0.177261 0.590638 0.135197 0.107355
0 0.178444 0.699568 0.135197 0.107355
0 0.177261 0.811632 0.135197 0.107355
0 0.177261 0.922120 0.135197 0.107355
0 0.332486 0.156604 0.135197 0.113659
0 0.333669 0.265507 0.135197 0.113640
0 0.334852 0.374418 0.135197 0.113640
0 0.334852 0.483330 0.135197 0.113640
0 0.336035 0.592242 0.135197 0.113640
0 0.337218 0.701144 0.135197 0.113659
0 0.336035 0.817946 0.135197 0.113640
0 0.336035 0.925281 0.135197 0.113640
0 0.677289 0.150291 0.135197 0.113640
0 0.830148 0.155019 0.135197 0.113640
0 0.831331 0.267092 0.135197 0.113659
0 0.678472 0.262355 0.135197 0.113640
0 0.679655 0.375994 0.135197 0.113640
0 0.831331 0.380741 0.135197 0.113640
0 0.831331 0.486473 0.135197 0.100976
0 0.680838 0.483330 0.135197 0.100994
0 0.678472 0.590647 0.135197 0.107261
0 0.832514 0.590657 0.135197 0.107280
0 0.679655 0.699568 0.135197 0.107280
0 0.831331 0.699568 0.135197 0.107280
0 0.831331 0.811660 0.135197 0.113640
0 0.680838 0.811642 0.135197 0.113640
0 0.680838 0.925281 0.135197 0.113640
0 0.830148 0.925281 0.135197 0.113640
