0 0.119576 0.118722 0.078061 0.156268
0 0.198985 0.117932 0.078061 0.156268
0 0.277045 0.117932 0.078061 0.156268
0 0.355106 0.117932 0.078061 0.156268
0 0.433167 0.117932 0.078061 0.156268
0 0.512523 0.117932 0.078045 0.156268
0 0.591879 0.117932 0.078061 0.156268
0 0.667333 0.117932 0.078061 0.156268
0 0.666030 0.297868 0.078061 0.156250
0 0.587977 0.297868 0.078045 0.156250
0 0.508621 0.299449 0.078061 0.156250
0 0.431864 0.301029 0.078061 0.156250
0 0.353803 0.299449 0.078061 0.156250
0 0.277045 0.299449 0.078061 0.156250
0 0.197682 0.299449 0.078061 0.156250
0 0.118333 0.301029 0.078061 0.156250
0 0.668636 0.695625 0.078061 0.156250
0 0.590576 0.694044 0.078061 0.156250
0 0.511227 0.695625 0.078061 0.156250
0 0.433167 0.694044 0.078061 0.156250
0 0.357712 0.694044 0.078061 0.156250
0 0.277045 0.695625 0.078061 0.156250
0 0.195091 0.697197 0.078061 0.156268
0 0.119629 0.692463 0.078045 0.156250
0 0.666030 0.878713 0.078061 0.156250
0 0.587977 0.878713 0.078045 0.156250
0 0.507318 0.880294 0.078061 0.156250
0 0.429258 0.881866 0.078061 0.156268
0 0.355106 0.881866 0.078061 0.156268
0 0.274439 0.880294 0.078061 0.156250
0 0.193788 0.880294 0.078061 0.156250
0 0.117030 0.877132 0.078061 0.156250
