0 0.362904 0.205585 0.056978 0.120745
0 0.281114 0.100248 0.096713 0.062376
0 0.422451 0.202846 0.056964 0.120762
0 0.481365 0.201259 0.063203 0.120745
0 0.539617 0.204424 0.057006 0.120762
0 0.598517 0.204415 0.057006 0.120745
0 0.656790 0.204415 0.057006 0.120745
0 0.717542 0.204415 0.057006 0.120745
0 0.775815 0.199681 0.057006 0.120745
0 0.356748 0.343342 0.064499 0.126259
0 0.416859 0.338608 0.063217 0.116791
0 0.478858 0.337819 0.065710 0.115213
0 0.540850 0.337819 0.060752 0.118369
0 0.599123 0.333085 0.058273 0.115213
0 0.658635 0.333085 0.063231 0.115213
0 0.720627 0.329929 0.058273 0.115213
0 0.781379 0.329140 0.060752 0.119947
0 0.346198 0.662181 0.063231 0.135745
0 0.411908 0.658236 0.065710 0.140479
0 0.478238 0.657447 0.064471 0.138901
0 0.542709 0.655869 0.066950 0.138901
0 0.605926 0.652677 0.059457 0.138901
0 0.668593 0.654255 0.068106 0.138901
0 0.733022 0.655833 0.066880 0.138901
0 0.799366 0.652677 0.066894 0.138901
0 0.804325 0.815257 0.066894 0.138883
0 0.739854 0.815257 0.066894 0.138883
0 0.670418 0.818413 0.066880 0.138883
0 0.605947 0.819991 0.066880 0.138883
0 0.540237 0.821569 0.066880 0.138883
0 0.473287 0.818413 0.066880 0.138883
0 0.406337 0.818413 0.066880 0.138883
0 0.340627 0.818413 0.066880 0.138883
