0 0.444101 0.204378 0.104066 0.071030
0 0.444165 0.274663 0.104080 0.071030
0 0.444165 0.345693 0.104080 0.071030
0 0.444165 0.418313 0.104080 0.074210
0 0.445435 0.492478 0.104080 0.074227
0 0.446698 0.565080 0.104066 0.074210
0 0.447967 0.639272 0.104066 0.074210
0 0.447967 0.711874 0.104066 0.074227
0 0.564593 0.711874 0.104080 0.074227
0 0.565863 0.637691 0.104080 0.074210
0 0.563324 0.565080 0.104080 0.074210
0 0.563324 0.490906 0.104080 0.074210
0 0.564593 0.418295 0.104080 0.074210
0 0.564593 0.345684 0.104080 0.074210
0 0.564593 0.273082 0.104080 0.074227
0 0.565863 0.202060 0.104080 0.074210
0 0.794037 0.194165 0.104080 0.074227
0 0.910663 0.195737 0.104066 0.074210
0 0.913195 0.268348 0.104080 0.074210
0 0.799108 0.266767 0.104066 0.074210
0 0.800371 0.336217 0.104080 0.074210
0 0.914465 0.336217 0.104080 0.074210
0 0.914465 0.410409 0.104080 0.074210
0 0.801641 0.408828 0.104080 0.074210
0 0.923338 0.481430 0.104080 0.074227
0 0.801641 0.481430 0.104080 0.074227
0 0.806712 0.552451 0.104066 0.074210
0 0.925877 0.557194 0.104080 0.074210
0 0.927140 0.628224 0.104066 0.074210
0 0.811783 0.631377 0.104080 0.074227
0 0.813053 0.700826 0.104080 0.074227
0 0.927140 0.700826 0.104066 0.074227
0 0.355364 0.835728 0.063509 0.130995
0 0.294579 0.839725 0.063509 0.130995
0 0.236262 0.838144 0.063509 0.130995
0 0.174151 0.838144 0.063509 0.130995
0 0.113310 0.838144 0.063509 0.130995
