0 0.268189 0.113631 0.074603 0.203622
0 0.340026 0.112880 0.074603 0.203604
0 0.413700 0.111299 0.074603 0.203622
0 0.485992 0.109717 0.069979 0.203604
0 0.555438 0.108145 0.069979 0.203604
0 0.630986 0.108145 0.075605 0.203604
0 0.701848 0.103410 0.075595 0.203604
0 0.774588 0.104982 0.075605 0.203604
0 0.823053 0.860212 0.096065 0.220919
0 0.736827 0.862615 0.083967 0.220919
0 0.658951 0.868922 0.083956 0.220919
0 0.583392 0.872085 0.080188 0.220919
0 0.506013 0.872085 0.080188 0.220919
0 0.429551 0.876820 0.080188 0.220919
0 0.352150 0.883127 0.080188 0.220919
0 0.273820 0.881555 0.080188 0.220919
0 0.271952 0.633746 0.080188 0.220919
0 0.348419 0.627429 0.080177 0.220901
0 0.426754 0.629011 0.080188 0.220919
0 0.506013 0.624276 0.080188 0.220919
0 0.576889 0.619541 0.080188 0.220919
0 0.650558 0.616378 0.080177 0.220919
0 0.727959 0.611643 0.080177 0.220919
0 0.810021 0.602173 0.080188 0.220919
