0 0.045842 0.357452 0.073833 0.315667
0 0.121683 0.357524 0.073833 0.315683
0 0.193775 0.357524 0.073833 0.315683
0 0.267525 0.359103 0.073833 0.315667
0 0.344592 0.360683 0.073833 0.315683
0 0.420833 0.362286 0.077167 0.312571
0 0.498717 0.362262 0.077167 0.312556
0 0.573296 0.363841 0.077158 0.312571
0 0.651192 0.360683 0.077167 0.312571
0 0.727004 0.360683 0.074658 0.312571
0 0.802837 0.359111 0.076325 0.312571
0 0.880729 0.362262 0.076325 0.312556
0 0.958621 0.359111 0.076325 0.312571
0 0.050837 0.664516 0.076325 0.304619
0 0.124996 0.668468 0.076325 0.304619
0 0.197921 0.668468 0.076325 0.304619
0 0.270838 0.670048 0.076325 0.304603
0 0.347075 0.670048 0.076333 0.304603
0 0.421654 0.670048 0.076325 0.304603
0 0.497062 0.670048 0.076325 0.304603
0 0.573296 0.673198 0.076325 0.304619
0 0.651187 0.671627 0.076325 0.304619
0 0.724938 0.673198 0.076325 0.304619
0 0.800346 0.668468 0.076325 0.304619
0 0.879896 0.666889 0.076325 0.304603
0 0.956133 0.670048 0.076333 0.304603
