0 0.146810 0.108950 0.212595 0.137331
0 0.383603 0.109698 0.212595 0.137331
0 0.388000 0.240703 0.212595 0.137313
0 0.149008 0.238310 0.212595 0.126228
0 0.141678 0.366975 0.212612 0.126228
0 0.386529 0.371708 0.212595 0.126228
0 0.386529 0.502714 0.212595 0.126210
0 0.146074 0.501940 0.212612 0.130996
0 0.144612 0.635302 0.212595 0.130996
0 0.383603 0.636868 0.212595 0.130996
0 0.889438 0.101797 0.212595 0.130996
0 0.889438 0.231228 0.212595 0.130996
0 0.890909 0.363817 0.212595 0.130979
0 0.890909 0.501139 0.212595 0.130996
0 0.893769 0.636068 0.212463 0.135694
