0 0.096466 0.063871 0.176266 0.124851
0 0.272772 0.066287 0.176282 0.124851
0 0.100321 0.184663 0.176282 0.124851
0 0.280433 0.187832 0.176282 0.124851
0 0.282981 0.309356 0.176282 0.124851
0 0.104151 0.306208 0.176282 0.124851
0 0.291923 0.429317 0.176282 0.124851
0 0.100321 0.432465 0.176282 0.124851
0 0.280433 0.546099 0.176282 0.115327
0 0.105433 0.546119 0.176282 0.115327
0 0.286819 0.666079 0.176266 0.115327
0 0.109263 0.666079 0.176282 0.115327
0 0.288093 0.785277 0.176282 0.120139
0 0.110545 0.781297 0.176282 0.120139
0 0.289375 0.907574 0.176282 0.120139
0 0.113093 0.905990 0.176282 0.120139
0 0.681530 0.062297 0.168670 0.115366
0 0.866755 0.063139 0.168670 0.115386
0 0.866755 0.178347 0.168670 0.115386
0 0.680248 0.178347 0.168670 0.115386
0 0.682812 0.299891 0.168670 0.115386
0 0.870585 0.300663 0.168670 0.120139
0 0.871851 0.419851 0.168670 0.120139
0 0.684079 0.415119 0.168670 0.120139
0 0.684079 0.535069 0.168670 0.120158
0 0.871851 0.533495 0.168670 0.120139
0 0.871851 0.655020 0.168670 0.120139
0 0.685361 0.653455 0.168670 0.120139
0 0.687909 0.774980 0.168670 0.120139
0 0.690473 0.896525 0.168670 0.120139
0 0.871851 0.776564 0.168670 0.120139
0 0.871851 0.899673 0.168670 0.120139
