0 0.170303 0.118307 0.207981 0.230599
0 0.172119 0.318846 0.207987 0.176959
0 0.172119 0.492453 0.207987 0.176959
0 0.171231 0.670810 0.207988 0.176959
0 0.171231 0.847592 0.207988 0.176959
0 0.651197 0.087647 0.207981 0.175294
0 0.652975 0.291232 0.207988 0.241731
0 0.650309 0.497952 0.207981 0.180122
0 0.651197 0.677120 0.207981 0.180122
0 0.651197 0.852325 0.207981 0.180122
0 0.868959 0.087647 0.207981 0.175294
0 0.869850 0.497192 0.207988 0.175294
0 0.869850 0.672386 0.207988 0.175294
0 0.870737 0.850744 0.207987 0.175294
0 0.868072 0.291998 0.207981 0.241731
