0 0.044823 0.195665 0.089646 0.246227
0 0.134943 0.192557 0.089646 0.246227
0 0.223690 0.200453 0.089646 0.246227
0 0.312436 0.194141 0.089646 0.246227
0 0.403959 0.192557 0.089646 0.246227
0 0.490857 0.192557 0.089646 0.246227
0 0.579603 0.192557 0.089646 0.246227
0 0.666501 0.194141 0.089646 0.246227
0 0.754324 0.192557 0.089639 0.246227
0 0.842146 0.187830 0.089646 0.246227
0 0.929968 0.189401 0.089639 0.246227
0 0.929972 0.826282 0.089646 0.304631
0 0.843070 0.830224 0.089639 0.304631
0 0.757096 0.825496 0.089646 0.304631
0 0.665577 0.831808 0.089639 0.304631
0 0.577755 0.836536 0.089646 0.304631
0 0.489933 0.833380 0.089639 0.304631
0 0.401186 0.834964 0.089639 0.304631
0 0.310588 0.839704 0.089646 0.304631
0 0.219993 0.834964 0.089646 0.304631
0 0.130322 0.839704 0.089639 0.304631
