0 0.021181 0.030275 0.041837 0.058650
0 0.062388 0.029575 0.041850 0.058650
0 0.107500 0.031083 0.041850 0.058633
0 0.151487 0.029575 0.041850 0.058650
0 0.193219 0.029575 0.041837 0.058650
0 0.234944 0.031083 0.041837 0.058633
0 0.278931 0.031083 0.041837 0.058633
0 0.321788 0.031083 0.041850 0.058633
0 0.363519 0.031083 0.041838 0.058633
0 0.406375 0.031083 0.041850 0.058633
0 0.656706 0.032058 0.040712 0.064117
0 0.699606 0.032625 0.041837 0.064750
0 0.737950 0.034092 0.041850 0.064750
0 0.777425 0.032592 0.041850 0.064750
0 0.816900 0.034092 0.041850 0.064750
0 0.859756 0.033358 0.041837 0.066283
0 0.895844 0.035592 0.041837 0.066283
0 0.935319 0.034092 0.041838 0.066283
0 0.975919 0.032867 0.041838 0.065733
0 0.014850 0.161850 0.029700 0.117300
0 0.049944 0.165583 0.040712 0.112833
0 0.090581 0.163417 0.040712 0.112833
0 0.132312 0.164917 0.040725 0.112833
0 0.172919 0.166417 0.040713 0.112833
0 0.214644 0.169433 0.040712 0.112833
0 0.254119 0.164917 0.040713 0.112833
0 0.292463 0.167925 0.040725 0.112850
0 0.333069 0.167925 0.040713 0.112850
0 0.373669 0.167925 0.040713 0.112850
0 0.413144 0.164917 0.040712 0.112833
0 0.664644 0.172433 0.040713 0.112833
0 0.701856 0.173942 0.040712 0.112850
0 0.742463 0.172433 0.040725 0.112833
0 0.783069 0.176950 0.040713 0.112833
0 0.822544 0.175450 0.040713 0.112833
0 0.863144 0.176950 0.040712 0.112833
0 0.903744 0.176950 0.040712 0.112833
0 0.945469 0.178450 0.040712 0.112833
0 0.983988 0.176950 0.032025 0.112833
0 0.987931 0.400283 0.024137 0.096233
0 0.953950 0.398000 0.043350 0.096233
0 0.915019 0.398000 0.043338 0.096233
0 0.873287 0.393483 0.043350 0.096233
0 0.834950 0.396500 0.043350 0.096233
0 0.792088 0.398000 0.043350 0.096233
0 0.751488 0.402517 0.043350 0.096233
0 0.713137 0.401008 0.043350 0.096250
0 0.669150 0.391983 0.043350 0.096233
0 0.410888 0.390483 0.043350 0.096233
0 0.371412 0.393483 0.043350 0.096233
0 0.330812 0.388983 0.043350 0.096233
0 0.290213 0.391983 0.043350 0.096233
0 0.251862 0.391983 0.043350 0.096233
0 0.210138 0.390483 0.043350 0.096233
0 0.170662 0.388983 0.043350 0.096233
0 0.130062 0.387475 0.043350 0.096250
0 0.088325 0.390483 0.043350 0.096233
0 0.047725 0.388983 0.043350 0.096233
0 0.015556 0.388217 0.026387 0.094767
0 0.983894 0.542367 0.032212 0.096233
0 0.949981 0.542367 0.043338 0.096233
0 0.909381 0.542367 0.043338 0.096233
0 0.867650 0.540858 0.043350 0.096250
0 0.827050 0.542367 0.043350 0.096233
0 0.788700 0.539350 0.043350 0.096233
0 0.746975 0.537850 0.043350 0.096233
0 0.708625 0.536350 0.043350 0.096233
0 0.665775 0.533342 0.043350 0.096250
0 0.413137 0.537850 0.043350 0.096233
0 0.372537 0.539350 0.043350 0.096233
0 0.330812 0.539350 0.043350 0.096233
0 0.289075 0.540858 0.043350 0.096250
0 0.246225 0.539350 0.043350 0.096233
0 0.205625 0.542367 0.043350 0.096233
0 0.165019 0.540858 0.043337 0.096250
0 0.123287 0.539350 0.043350 0.096233
0 0.078175 0.542367 0.043350 0.096233
0 0.036450 0.539350 0.043350 0.096233
0 0.981069 0.772433 0.037862 0.096233
0 0.945475 0.772433 0.043350 0.096233
0 0.907125 0.770933 0.043350 0.096233
0 0.862013 0.772433 0.043350 0.096233
0 0.824794 0.770933 0.043337 0.096233
0 0.780813 0.769433 0.043350 0.096233
0 0.741337 0.772433 0.043350 0.096233
0 0.702987 0.773942 0.043350 0.096250
0 0.664644 0.773942 0.043337 0.096250
0 0.409763 0.764917 0.043350 0.096233
0 0.371412 0.767925 0.043350 0.096250
0 0.330812 0.767925 0.043350 0.096250
0 0.292463 0.766417 0.043350 0.096233
0 0.251862 0.766417 0.043350 0.096233
0 0.209000 0.764917 0.043350 0.096233
0 0.168400 0.760408 0.043350 0.096250
0 0.131188 0.769433 0.043350 0.096233
0 0.087200 0.769433 0.043350 0.096233
0 0.047725 0.775450 0.043350 0.096233
0 0.971413 0.919808 0.043350 0.096250
0 0.934194 0.913792 0.043338 0.096250
0 0.893587 0.912283 0.043350 0.096233
0 0.856375 0.909283 0.043350 0.096233
0 0.819150 0.912283 0.043350 0.096233
0 0.783063 0.910783 0.043350 0.096233
0 0.739075 0.913792 0.043350 0.096250
0 0.699606 0.910783 0.043337 0.096233
0 0.662388 0.913792 0.043350 0.096250
0 0.413137 0.907775 0.043350 0.096250
0 0.372537 0.909283 0.043350 0.096233
0 0.333063 0.909283 0.043350 0.096233
0 0.292463 0.910783 0.043350 0.096233
0 0.249606 0.912283 0.043338 0.096233
0 0.207875 0.913792 0.043350 0.096250
0 0.133437 0.913792 0.043350 0.096250
0 0.166150 0.912283 0.043350 0.096233
0 0.092837 0.916800 0.043350 0.096233
0 0.049981 0.922817 0.043338 0.096233
0 0.014937 0.922817 0.029875 0.096233
