0 0.234493 0.297667 0.117026 0.332471
0 0.350000 0.295497 0.110784 0.325404
0 0.461127 0.295497 0.110784 0.325404
0 0.573905 0.296998 0.110784 0.325404
0 0.690948 0.298499 0.110784 0.325404
0 0.806912 0.298499 0.110784 0.325404
0 0.919690 0.298499 0.110784 0.325404
0 0.917565 0.674434 0.110784 0.325404
0 0.805850 0.674434 0.110784 0.325404
0 0.690948 0.672933 0.110784 0.325404
0 0.577108 0.672933 0.110784 0.325404
0 0.461127 0.672933 0.110784 0.325404
0 0.350490 0.668430 0.110784 0.325404
0 0.236667 0.671432 0.112876 0.325404
