0 0.089085 0.330072 0.095392 0.267674
0 0.189003 0.328573 0.095392 0.267650
0 0.286340 0.327074 0.095392 0.267674
0 0.381618 0.328573 0.095392 0.267650
0 0.479984 0.330072 0.095392 0.267674
0 0.574248 0.330072 0.095392 0.267674
0 0.669542 0.328573 0.095392 0.267650
0 0.768938 0.328573 0.095392 0.267650
0 0.869346 0.325564 0.095392 0.267674
0 0.960008 0.327074 0.079984 0.267674
0 0.088578 0.629329 0.095392 0.267674
0 0.185915 0.633837 0.095392 0.267674
0 0.280180 0.633837 0.095392 0.267674
0 0.381618 0.632326 0.095392 0.267674
0 0.475899 0.632326 0.095392 0.267674
0 0.572206 0.632326 0.095392 0.267674
0 0.670572 0.630827 0.095392 0.267650
0 0.770980 0.632326 0.095392 0.267674
0 0.869346 0.630827 0.095392 0.267650
0 0.960515 0.632326 0.078971 0.267674
