0 0.915067 0.313904 0.045111 0.121574
0 0.870822 0.314537 0.045111 0.121543
0 0.826622 0.313287 0.045111 0.121574
0 0.779689 0.314537 0.045111 0.121543
0 0.736389 0.313287 0.045133 0.121574
0 0.690378 0.315787 0.045111 0.121574
0 0.643467 0.313287 0.045111 0.121574
0 0.596533 0.312037 0.045111 0.121543
0 0.549622 0.313287 0.045111 0.121574
0 0.504511 0.313287 0.045111 0.121574
0 0.458489 0.314537 0.045111 0.121543
0 0.413378 0.313287 0.045111 0.121574
0 0.367378 0.313287 0.045111 0.121574
0 0.321356 0.313287 0.045111 0.121574
0 0.275333 0.312037 0.045111 0.121543
0 0.227511 0.313287 0.045111 0.121574
0 0.178800 0.310772 0.045111 0.121543
0 0.134578 0.310772 0.045111 0.121543
0 0.087667 0.309522 0.045111 0.121574
0 0.042556 0.312037 0.045111 0.121543
0 0.737289 0.586466 0.045111 0.121574
0 0.878044 0.587716 0.045111 0.121543
0 0.924067 0.587716 0.045111 0.121543
0 0.691267 0.587716 0.045111 0.121543
0 0.647067 0.591481 0.045111 0.121543
0 0.601044 0.590231 0.045111 0.121574
0 0.555933 0.590231 0.045111 0.121574
0 0.512622 0.591481 0.045111 0.121543
0 0.465711 0.590231 0.045111 0.121574
0 0.419689 0.588981 0.045111 0.121543
0 0.374578 0.588981 0.045111 0.121543
0 0.327667 0.590231 0.045111 0.121574
0 0.282556 0.590231 0.045111 0.121574
0 0.236533 0.590231 0.045111 0.121574
0 0.189622 0.591481 0.045111 0.121543
0 0.143600 0.591481 0.045111 0.121543
0 0.100300 0.591481 0.045133 0.121543
0 0.054289 0.592731 0.045111 0.121574
0 0.738200 0.745617 0.045111 0.121543
0 0.693089 0.745617 0.045111 0.121543
0 0.648867 0.744352 0.045111 0.121543
0 0.604667 0.746867 0.045111 0.121574
0 0.556844 0.746867 0.045111 0.121574
0 0.510822 0.746867 0.045111 0.121574
0 0.464811 0.746867 0.045133 0.121574
0 0.419689 0.750617 0.045111 0.121543
0 0.372778 0.749383 0.045111 0.121543
0 0.328578 0.748117 0.045111 0.121543
0 0.280756 0.749383 0.045111 0.121543
0 0.233822 0.751883 0.045111 0.121543
0 0.187822 0.751883 0.045111 0.121543
0 0.140900 0.751883 0.045133 0.121543
0 0.096689 0.751883 0.045111 0.121543
0 0.049778 0.751883 0.045111 0.121543
